0,519
0,516
240,47
0,514
103,6
103,5
0,513
0,512
0,316
0,315
0,313
0,311
0,310
0,308
0,306
0,304
0,302
0,301
0,300
203,3
203,0
182,1
182,3
182,0
307,1
307,3
307,0
198,1
198,3
198,0
256,3
256,0
325,1
325,3
325,0
333,1
333,3
333,0
374,1
374,3
374,0
352,1
352,3
352,0
184,1
184,3
184,0
235,1
235,3
235,0
229,1
229,3
229,0
289,1
289,3
289,0
209,3
209,0
204,1
204,3
0,524
204,0
202,1
202,3
202,0
380,1
380,3
0,525
0,546
380,0
312,1
312,3
312,0
317,1
317,3
0,545
317,0
254,1
254,3
254,0
252,1
252,3
252,0
250,3
0,534
250,0
180,1
180,3
180,0
197,1
197,3
197,0
306,1
306,3
0,536
306,0
199,3
0,523
199,0
0,440
0,434
177,3
0,521
177,0
14,15
14,14
14,8
103,1
103,3
103,0
104,1
104,3
104,0
111,1
111,3
111,0
112,1
112,3
0,517
112,0
13,1
13,3
13,0
14,1
14,22
14,3
14,0
0,9
0,278
0,273
0,535
0,522
0,276
0,272
0,271
0,270
0,275
0,518
0,12
0,458
0,10
0,8
0,0
0,459
0,268
0,294
0,267
0,530
0,266
0,550
0,265
0,455
0,264
0,449
0,263
0,290
0,262
0,430
0,261
0,289
0,260
0,439
0,259
0,288
0,258
0,451
0,257
0,287
0,256
0,482
0,255
0,286
0,254
0,471
0,253
0,528
0,252
0,442
0,251
0,478
0,250
0,429
0,249
0,428
0,248
0,422
0,247
0,284
0,246
0,438
0,245
0,450
203,1
213,0
213,1
361,0
361,1
319,0
319,1
329,3
329,1
244,3
247,0
249,0
211,0
211,3
331,0
331,3
326,3
314,0
354,0
327,0
327,3
379,0
379,3
185,0
187,0
187,3
189,0
189,3
196,0
196,3
357,0
357,1
375,0
375,1
353,0
353,1
355,3
355,1
356,3
356,1
309,3
309,1
362,3
311,0
311,3
177,10
177,1
0,291
0,293
0,295
0,297
0,298
0,386
0,467
0,469
0,477
0,488
0,493
0,498
0,506
0,526
0,527
0,531
0,532
0,538
0,542
0,543
0,548
0,549
0,553
0,555
0,557
0,563
0,565
0,567
0,569
0,572
2,1
2,2
3,0
3,1
3,3
8,0
8,2
8,4
8,5
8,13
8,14
8,16
8,18
9,0
9,2
9,3
9,7
10,1
10,2
10,85
10,93
10,131
10,151
10,171
10,175
10,213
10,223
10,277
11,0
11,2
11,3
11,6
11,7
11,13
11,16
11,18
11,22
11,24
11,27
11,29
12,1
12,3
14,4
14,6
14,7
14,10
14,11
14,13
14,17
14,18
14,20
14,21
14,24
14,26
14,27
26,0
26,1
26,4
27,0
27,3
29,1
29,3
46,0
46,1
50,0
50,3
50,5
50,7
50,8
52,1
55,0
55,1
55,4
73,0
73,3
74,0
74,3
97,1
97,3
99,1
99,3
103,2
104,2
104,4
110,1
110,2
110,4
110,5
121,0
121,3
121,4
121,6
122,0
122,2
125,0
125,1
125,3
126,0
126,2
126,3
126,5
126,7
126,8
126,10
126,11
126,13
126,15
126,16
126,18
126,19
126,21
126,23
126,24
126,26
126,27
126,29
126,30
126,32
126,34
126,35
126,64
126,65
126,67
126,69
126,70
126,72
126,73
126,75
126,76
126,78
126,80
126,81
126,83
126,84
126,86
126,88
126,89
126,91
126,92
126,94
126,95
126,97
126,99
126,100
126,102
126,103
126,105
126,107
126,108
126,110
126,111
126,113
126,114
126,116
146,1
146,2
146,4
146,5
173,1
173,3
173,4
174,1
174,2
177,2
177,5
177,6
177,8
177,9
177,12
177,13
180,2
180,5
180,6
182,4
184,2
184,5
185,2
185,4
185,6
187,2
187,5
189,2
189,5
190,1
190,2
190,4
190,5
192,1
192,3
192,4
194,0
194,1
194,3
194,4
196,2
196,5
197,2
197,5
198,2
199,1
199,4
199,5
199,7
199,8
202,2
202,5
202,6
203,2
203,4
204,4
204,5
209,2
209,5
209,6
209,8
209,9
209,11
209,13
209,14
209,16
209,17
209,19
209,20
209,22
209,24
209,25
209,27
209,28
209,30
209,32
209,33
209,35
209,36
209,38
209,39
209,41
209,43
209,44
209,46
209,47
209,49
209,51
209,52
209,54
209,55
209,57
209,59
209,60
209,62
209,63
209,65
209,66
209,68
209,70
209,71
209,73
209,74
209,76
209,78
209,79
209,81
209,82
209,84
209,85
209,87
209,89
209,90
209,92
209,93
209,95
209,97
209,98
209,100
209,101
209,103
209,104
209,106
209,108
209,109
209,111
209,112
209,114
209,116
209,117
209,119
209,120
209,122
209,123
209,125
209,127
209,128
209,130
209,131
209,133
209,135
209,136
209,138
209,139
209,141
209,143
209,144
209,146
209,147
209,149
209,150
209,193
209,195
209,196
209,198
209,199
209,201
209,203
209,204
209,206
209,207
211,2
211,4
213,2
213,5
214,0
214,2
214,3
216,0
216,2
216,3
216,5
218,0
218,2
218,3
218,5
219,0
219,1
219,3
219,4
221,1
221,3
221,4
223,1
223,2
223,4
225,0
225,1
225,3
225,4
227,0
227,1
227,3
229,2
229,4
231,0
231,1
231,3
231,5
233,0
233,2
233,3
233,5
235,2
235,5
236,1
236,2
236,4
237,0
237,2
237,4
239,0
239,2
239,3
239,5
240,0
240,2
240,4
240,5
240,7
240,8
240,10
240,12
240,13
240,15
240,16
240,18
240,19
240,21
240,23
240,24
240,26
240,27
240,29
240,31
240,32
240,34
240,35
240,37
240,39
240,40
240,42
240,43
240,45
240,46
240,65
240,67
240,68
240,70
240,71
240,73
242,0
242,1
242,3
242,4
242,6
242,7
242,9
244,1
244,2
244,5
244,6
244,8
244,10
244,11
244,13
244,14
244,16
244,17
244,19
244,21
244,22
244,24
244,25
247,2
247,5
247,6
247,8
247,9
247,11
247,13
247,14
247,16
249,1
249,4
249,5
249,7
249,9
249,10
249,12
249,13
249,15
249,17
249,18
250,2
250,4
250,6
250,7
250,9
250,11
250,12
252,2
252,4
254,2
254,5
256,1
256,4
256,5
256,7
256,8
256,10
256,12
256,13
256,15
256,16
256,18
256,20
256,21
256,23
256,24
256,26
257,0
257,2
257,4
257,5
257,7
257,8
257,10
259,1
259,2
259,4
259,5
261,1
261,3
261,4
262,0
262,1
262,3
262,4
264,1
264,3
264,4
265,0
265,1
265,3
266,0
266,1
266,3
266,4
268,0
268,1
268,3
268,5
271,0
271,2
271,3
271,5
271,7
276,0
276,2
276,3
276,5
276,6
276,8
279,1
279,2
279,4
279,5
281,0
281,2
281,3
281,5
282,0
282,2
282,4
283,0
283,2
283,3
285,0
285,1
285,3
285,5
287,0
8,7
287,2
287,4
287,5
289,2
8,12
289,5
8,9
291,1
291,3
291,5
293,0
293,2
293,3
293,5
294,1
9,4
294,2
294,3
300,0
300,1
300,3
300,5
300,6
300,8
300,9
300,11
302,1
302,2
302,4
302,5
303,0
303,1
303,2
303,4
303,5
304,1
304,2
304,4
305,0
305,1
305,3
305,4
306,2
306,4
306,5
307,4
309,2
309,5
311,2
312,2
314,2
314,4
314,6
314,7
10,90
314,10
314,11
314,13
314,14
10,144
317,2
317,5
319,4
320,0
320,1
320,2
320,4
10,276
321,0
321,2
321,3
323,0
323,1
323,3
10,72
325,2
325,5
326,1
326,4
326,5
326,6
326,8
10,184
327,2
329,4
329,5
331,2
331,4
331,6
331,7
331,9
333,2
333,4
334,0
334,1
334,3
335,1
335,2
335,4
336,0
336,2
336,3
338,0
338,2
338,3
338,5
338,6
339,1
339,3
339,4
341,1
341,2
341,4
341,5
344,1
344,3
344,4
345,0
345,1
345,3
346,0
346,1
346,3
348,0
348,2
348,4
349,0
349,2
349,3
350,1
350,2
351,0
351,2
351,3
352,2
352,4
353,2
354,2
354,4
354,6
354,7
354,9
354,10
354,12
354,14
354,15
354,17
354,18
354,20
355,2
356,2
358,0
358,1
358,3
358,4
360,1
360,3
360,4
361,2
361,4
362,4
363,1
363,2
363,4
365,0
365,2
365,3
365,5
367,1
367,2
367,4
367,5
368,1
368,3
368,4
374,4
374,5
374,7
374,9
375,2
377,1
377,2
377,4
377,5
378,0
378,2
378,3
379,2
379,4
380,4
101,0
101,3
101,2
101,1
0,474
380,2
378,4
378,1
377,6
377,3
377,0
374,8
374,6
374,2
368,2
368,0
367,3
367,0
365,4
365,1
363,3
363,0
362,2
360,5
360,2
360,0
358,2
357,2
354,21
354,19
354,16
354,13
354,11
354,8
354,5
354,1
352,5
351,4
351,1
350,3
350,0
349,1
348,3
348,1
346,2
345,4
345,2
344,5
344,2
344,0
341,3
341,0
339,2
339,0
338,4
338,1
336,4
336,1
335,3
335,0
334,2
333,5
331,10
331,8
331,5
331,1
329,2
326,9
326,7
10,66
326,2
325,4
323,4
323,2
321,4
321,1
320,5
320,3
10,110
319,2
317,4
314,15
314,12
314,9
314,8
314,5
314,1
311,4
309,4
307,2
11,10
305,5
305,2
11,30
304,3
304,0
303,3
11,5
302,6
302,3
302,0
300,10
300,7
300,4
300,2
294,4
9,6
294,0
293,4
293,1
291,4
291,2
291,0
289,4
8,6
287,3
287,1
285,4
285,2
283,4
283,1
282,3
282,1
281,4
281,1
279,6
279,3
279,0
276,7
276,4
276,1
271,6
271,4
271,1
268,4
268,2
266,5
266,2
265,4
265,2
264,5
264,2
264,0
262,2
261,5
261,2
261,0
259,3
259,0
257,9
257,6
257,3
257,1
256,25
256,22
256,19
256,17
256,14
256,11
256,9
256,6
256,2
254,4
252,5
250,13
250,10
250,8
250,5
250,1
249,16
249,14
249,11
249,8
249,6
249,2
247,15
247,12
247,10
247,7
247,4
247,1
244,23
244,20
244,18
244,15
244,12
244,9
244,7
244,4
242,10
242,8
242,5
242,2
240,74
240,72
240,69
240,66
240,64
240,44
240,41
240,38
240,36
240,33
240,30
240,28
240,25
240,22
240,20
240,17
240,14
240,11
240,9
240,6
240,3
240,1
239,4
239,1
237,3
237,1
236,3
236,0
235,4
233,4
233,1
231,4
231,2
229,5
227,4
227,2
225,5
225,2
223,5
223,3
223,0
221,2
221,0
219,2
218,6
218,4
218,1
216,4
216,1
214,4
214,1
213,4
211,5
209,208
209,205
209,202
209,200
209,197
209,194
209,192
209,148
209,145
209,142
209,140
209,137
209,134
209,132
209,129
209,126
209,124
209,121
209,118
209,115
209,113
209,110
209,107
209,105
209,102
209,99
209,96
209,94
209,91
209,88
209,86
209,83
209,80
209,77
209,75
209,72
209,69
209,67
209,64
209,61
209,58
209,56
209,53
209,50
209,48
209,45
209,42
209,40
209,37
209,34
209,31
209,29
209,26
209,23
209,21
209,18
209,15
209,12
209,10
209,7
209,4
209,1
204,2
202,7
202,4
199,9
199,6
199,2
198,4
197,4
196,4
194,5
194,2
192,5
192,2
192,0
190,3
190,0
189,4
187,4
185,5
185,1
184,4
182,2
180,4
177,14
177,11
177,7
177,4
174,3
174,0
173,2
173,0
146,3
146,0
126,115
126,112
126,109
126,106
126,104
126,101
126,98
126,96
126,93
126,90
126,87
126,85
126,82
126,79
126,77
126,74
126,71
126,68
126,66
126,36
126,33
126,31
126,28
126,25
126,22
126,20
126,17
126,14
126,12
126,9
126,6
126,4
126,1
125,2
122,3
122,1
121,5
121,1
111,2
110,3
110,0
103,4
99,4
99,0
97,0
74,1
73,1
55,3
52,3
52,0
50,6
50,1
46,3
29,4
29,0
27,1
26,3
14,28
14,25
14,23
14,19
14,16
14,12
14,9
14,5
12,2
12,0
11,26
11,19
11,17
11,9
11,4
11,1
10,311
10,219
10,173
10,157
10,117
10,3
10,0
9,5
9,1
8,17
8,15
8,8
8,3
8,1
3,2
2,3
2,0
0,570
0,566
0,561
0,556
0,552
0,544
0,539
0,533
0,529
0,520
0,503
0,490
0,473
0,454
0,299
0,296
0,292
0,243
311,1
362,1
362,0
309,0
356,0
355,0
353,3
375,3
357,3
196,1
189,1
187,1
185,3
379,1
327,1
354,3
314,3
326,0
211,1
249,3
247,3
244,0
329,0
319,3
361,3
213,3
0,244
0,285
0,242
0,560
0,241
0,457
0,240
0,499
0,239
0,453
0,238
0,547
0,237
0,496
0,236
0,559
0,235
0,452
0,234
0,233
0,476
0,232
0,448
0,231
0,435
0,230
0,575
0,229
0,497
0,228
0,564
0,227
0,475
0,226
0,495
0,225
0,494
0,224
0,574
0,223
0,485
0,222
0,537
0,221
0,492
0,220
0,427
0,219
0,573
0,218
0,491
0,217
0,421
0,216
0,558
0,215
0,279
0,214
0,420
0,213
0,489
0,212
0,508
0,211
0,472
0,210
0,419
0,209
0,445
0,208
0,562
0,207
0,426
0,206
0,470
0,205
0,441
0,204
0,418
0,203
0,571
0,202
0,309
0,201
0,307
0,200
0,305
0,199
0,303
0,198
0,479
0,197
0,436
0,196
0,417
0,195
0,510
0,194
0,416
0,193
0,415
0,192
0,277
0,63
0,487
0,62
0,414
0,61
0,283
0,60
0,464
0,59
0,58
0,509
0,57
0,500
0,56
0,433
0,55
0,432
0,54
0,444
0,53
0,52
0,460
0,51
0,50
0,274
0,49
0,312
0,48
0,314
0,47
0,269
0,46
0,468
0,45
0,425
0,413
0,447
0,412
0,466
0,411
0,424
0,410
0,554
0,409
0,431
0,408
0,423
0,407
0,443
0,406
0,541
0,405
0,282
0,404
0,507
0,403
0,483
0,402
0,446
0,401
0,465
0,400
0,486
0,399
0,437
0,398
0,463
0,397
0,481
0,396
0,395
0,281
0,394
0,505
0,393
0,511
0,392
0,540
0,391
0,568
0,390
0,484
0,389
0,388
0,462
0,387
0,504
0,385
0,551
0,384
0,280
0,319
0,461
0,318
0,317
0,480
0,6
0,5
0,1
0,515
0,11
0,4
0,2
0,3
0,7
